                                                                                
                                                                                
                                                                                
                                                                                

                                                                                    
          

                                                         
P                                                  111111E
1     1  22          2  111111111111    222    1111                                  
111111111111111111111111     2     111111111111
                        1111111111